  -7.9999999999999988e-02   5.9999999999999998e-02   5.0009266646987079e+01   8.3509941247077126e+00
  -2.7499999999999997e-02   1.4999999999999999e-01   4.2619922749246271e+01   2.0596288418207607e+01
   7.0000000000000034e-02   2.3999999999999999e-01   3.1139216775170208e+01   2.6059361776133862e+01
   2.1249999999999994e-01   3.2999999999999996e-01   2.2419127790896699e+01   2.4626551436862279e+01
   3.9999999999999991e-01   4.1999999999999998e-01   1.8507500033261302e+01   2.1453895399471151e+01
   6.3249999999999995e-01   5.1000000000000001e-01   1.8395562188648675e+01   1.9913832364686773e+01
   9.0999999999999981e-01   5.9999999999999987e-01   1.9347596152768048e+01   2.0085690770683634e+01
   1.2325000000000002e+00   6.9000000000000006e-01   2.0731323526872394e+01   2.4472532577977631e+01
   1.6000000000000001e+00   7.8000000000000003e-01   1.7535608319694330e+01   3.1666080272717178e+01
   2.0125000000000002e+00   8.7000000000000000e-01   8.1303741675918246e+00   3.6493890285382875e+01
   2.4700000000000011e+00   9.6000000000000019e-01  -6.2729291991258540e-01   3.4307505736028730e+01
   2.9725000000000010e+00   1.0500000000000000e+00  -5.2225084359235581e+00   2.9875771293901622e+01
   3.5200000000000005e+00   1.1400000000000001e+00  -9.1044334095637502e+00   2.7896810911864058e+01
   4.1125000000000016e+00   1.2300000000000002e+00  -1.5458745192586717e+01   2.4540982716301251e+01
   4.7500000000000009e+00   1.3200000000000001e+00  -1.8100092014705247e+01   1.6863287762258096e+01
   5.4325000000000010e+00   1.4099999999999999e+00  -1.6850478781328682e+01   1.1006486619508301e+01
   6.1600000000000001e+00   1.5000000000000000e+00  -1.4460998395402180e+01   7.6112611286834229e+00
   6.9325000000000019e+00   1.5900000000000001e+00  -1.2544574403600569e+01   5.1814523566140576e+00
   7.7500000000000018e+00   1.6800000000000002e+00  -1.0572267449656708e+01   3.8175660910126652e+00
   8.6125000000000007e+00   1.7700000000000000e+00  -9.1863013045249922e+00   2.7944454931267204e+00
