   1.0000000000000009e-04   1.1677106607564238e+02  -3.8675950246588711e+00
   3.3598182862837832e-04   1.1373000316385841e+02  -4.7844736406647161e+00
   1.1288378916846896e-03   1.1006488581116948e+02  -7.2458538435537774e+00
   3.7926901907322525e-03   1.0275679010554670e+02  -9.5121255145027295e+00
   1.2742749857031339e-02   9.5877966043596302e+01  -9.3215907122788693e+00
   4.2813323987193917e-02   8.7223955925269877e+01  -9.4988066710291630e+00
   1.4384498882876637e-01   8.0996846452443464e+01  -8.5183197990331596e+00
   4.8329302385717532e-01   7.5537306657691886e+01  -6.2664610448804883e+00
   1.6237767391887208e+00   7.2393854182559551e+01  -5.5274609315336605e+00
   5.4555947811685126e+00   6.7387598822040886e+01  -5.2814590677161819e+00
   1.8329807108324324e+01   6.1888890922483327e+01  -7.3585771750869604e+00
   6.1584821106602590e+01   5.6329400496144316e+01  -8.8586659601075137e+00
   2.0691380811147906e+02   4.6397543372304895e+01  -1.0172411461279134e+01
   6.9519279617755922e+02   4.0800534987009009e+01  -9.4942600236779988e+00
   2.3357214690901201e+03   3.2967854401062382e+01  -7.5758862481011242e+00
   7.8475997035145874e+03   2.8278672329998191e+01  -5.9197252594957179e+00
   2.6366508987303525e+04   2.5187858076658575e+01  -4.5033330266771170e+00
   8.8586679041008174e+04   2.3958439795920384e+01  -2.2063571603976819e+00
   2.9763514416313078e+05   2.2538455759132809e+01  -2.6135579287539095e+00
   9.9999999999999953e+05   2.1314207320375122e+01  -1.5643668709137986e+00
